[gd_scene load_steps=9 format=2]

[ext_resource path="res://Code/camera.gd" type="Script" id=1]
[ext_resource path="res://Code/Debug/SpacebodyDebugDrawer.cs" type="Script" id=3]
[ext_resource path="res://Code/CelestialBody.cs" type="Script" id=4]

[sub_resource type="SphereMesh" id=1]

[sub_resource type="SpatialMaterial" id=2]
albedo_color = Color( 0.235294, 0.247059, 0.941176, 1 )

[sub_resource type="SphereMesh" id=3]

[sub_resource type="SpatialMaterial" id=4]
albedo_color = Color( 0.556863, 0.556863, 0.556863, 1 )

[sub_resource type="SpatialMaterial" id=5]
albedo_color = Color( 0.560784, 0.447059, 0.25098, 1 )

[node name="Simulator" type="Spatial"]

[node name="Earth" type="MeshInstance" parent="."]
transform = Transform( 63.7, 0, 0, 0, 63.7, 0, 0, 0, 63.7, 9, 9, 9 )
mesh = SubResource( 1 )
material/0 = SubResource( 2 )
script = ExtResource( 4 )
__meta__ = {
"_editor_description_": ""
}

[node name="DrawPath" type="Spatial" parent="Earth"]
script = ExtResource( 3 )
pathColor = Color( 0, 0.576471, 0.960784, 1 )
persistence = 50.0

[node name="Moon" type="MeshInstance" parent="."]
transform = Transform( 17.37, 0, 0, 0, 17.37, 0, 0, 0, 17.37, 16.9913, 0, -110.583 )
mesh = SubResource( 3 )
material/0 = SubResource( 4 )
script = ExtResource( 4 )

[node name="DrawPath" type="Spatial" parent="Moon"]
script = ExtResource( 3 )
pathColor = Color( 0.584314, 0.584314, 0.584314, 1 )
persistence = 30.0

[node name="Moon2" type="MeshInstance" parent="."]
transform = Transform( 9.37, 0, 0, 0, 9.37, 0, 0, 0, 9.37, 109.688, 6.60961, -20.6705 )
mesh = SubResource( 3 )
material/0 = SubResource( 5 )
script = ExtResource( 4 )

[node name="DrawPath" type="Spatial" parent="Moon2"]
script = ExtResource( 3 )
pathColor = Color( 0.917647, 0.580392, 0, 1 )
persistence = 30.0

[node name="Camera" type="Camera" parent="."]
transform = Transform( 0.267928, -0.20031, 0.942386, 0, 0.978148, 0.207912, -0.963439, -0.0557053, 0.262073, 487.651, 50.1478, 25.8116 )
near = 10.0
far = 1500.0
script = ExtResource( 1 )
max_speed = Vector3( 100, 100, 100 )

[node name="DirectionalLight" type="DirectionalLight" parent="."]
transform = Transform( -0.725415, -0.0834368, 0.683236, 0.439719, 0.707493, 0.553264, -0.529547, 0.701778, -0.476537, 0, 0, -389.853 )

[node name="DirectionalLight2" type="DirectionalLight" parent="."]
transform = Transform( 0.729962, 0.119913, -0.672887, -0.603341, 0.575627, -0.551936, 0.321147, 0.808872, 0.492534, 0, 0, 0 )
light_energy = 0.02
